1.000000000000000000e+00
1.124210035062086499e+00
1.263848202934297893e+00
1.420830832533922283e+00
1.597312280060254386e+00
1.795714494371639880e+00
2.018760254679038635e+00
2.269510536694669067e+00
2.551406520031288760e+00
2.868316813342011162e+00
3.224590545296394772e+00
3.625117049988533235e+00
4.075392965871777129e+00
4.581597669054491284e+00
5.150678076168124342e+00
5.790443980602487883e+00
6.509675230458170425e+00
7.318242219076175559e+00
8.227241341700469945e+00
9.249147277217335983e+00
1.039798418481490039e+01
1.168951816498578289e+01
1.314147362611756797e+01
1.477377652598511126e+01
1.660882782627715670e+01
1.867181091291920580e+01
2.099103720108554683e+01
2.359833466782194833e+01
2.652948464431897335e+01
2.982471286216891215e+01
3.352924149249557928e+01
3.769390975388361653e+01
4.237587160604063286e+01
4.763938010401343348e+01
5.355666917706899000e+01
6.020894493336131603e+01
6.768750009458534578e+01
7.609496685459879473e+01
8.554672535565684655e+01
9.617248711152964802e+01
1.081180751076607720e+02
1.215474250076287177e+02
1.366448349295325784e+02
1.536174946671827968e+02
1.726983290659435966e+02
1.941491945743881615e+02
2.182644728397487199e+02
2.453751106639819284e+02
2.758531617629184325e+02
3.101168926574778766e+02
3.486365227678087422e+02
3.919406774847221300e+02
4.406236427773573041e+02
4.953535208959174838e+02
5.568813990945272963e+02
6.260516572014821577e+02
7.038135554931561728e+02
7.912342618981326723e+02
8.895134973108235954e+02
1.000000000000000000e+03
